0 -100
1 -126
2 -106
3 -100
4 -100
5 -107
6 -150
7 -100
8 -144
9 -100
10 -172
11 -228
12 -100
13 -135
14 -221
15 -106
16 -127
17 -343
18 -124
19 -117
20 -111
21 -100
22 -128
23 -225
24 -157
25 -150
26 -140
27 -122
28 -100
29 -132
30 -151
31 -104
32 -125
33 -144
34 -102
35 -104
36 -209
37 -135
38 -154
39 -329
40 -157
41 -188
42 -215
43 -141
44 -244
45 -106
46 -141
47 -100
48 -206
49 -211
50 -140
51 -101
52 -102
53 -238
54 -186
55 -105
56 -111
57 -251
58 -176
59 -103
60 -142
61 -131
62 -210
63 -100
64 -101
65 -100
66 -148
67 -119
68 -130
69 -160
70 -151
71 -190
72 -132
73 -102
74 -134
75 -140
76 -103
77 -237
78 -104
79 -120
80 -152
81 -150
82 -178
83 -249
84 -144
85 -104
86 -121
87 -269
88 -245
89 -104
90 -113
91 -158
92 -130
93 -171
94 -121
95 -113
96 -133
97 -120
98 -101
99 -154
100 -113
101 -166
102 -107
103 -104
104 -278
105 -121
106 -130
107 -100
108 -53
109 -148
110 -128
111 -61
112 -121
113 -84
114 -120
115 -104
116 -129
117 -71
118 -103
119 -100
120 -89
121 -145
122 -142
123 -102
124 -131
125 -51
126 -180
127 -132
128 -100
129 -38
130 -112
131 -198
132 -123
133 -117
134 -154
135 -128
136 -49
137 -153
138 -146
139 -100
140 -100
141 -117
142 -75
143 -193
144 -140
145 -132
146 -39
147 -103
148 -25
149 -172
150 -147
151 -129
152 -127
153 -45
154 -64
155 -38
156 -126
157 -53
158 -196
159 -154
160 -103
161 -33
162 -61
163 -137
164 -100
165 -46
166 -166
167 -75
168 -149
169 -47
170 -178
171 -134
172 -137
173 -103
174 -39
175 -86
176 -45
177 -133
178 -38
179 -126
180 -131
181 -40
182 -100
183 -143
184 -109
185 -85
186 -120
187 -122
188 -126
189 -131
190 -143
191 -105
192 -132
193 -139
194 -77
195 -54
196 -116
197 -148
198 -101
199 -144
200 -159
201 -91
202 -129
203 -34
204 -73
205 -117
206 -118
207 -139
208 -60
209 -49
210 -166
211 -49
212 -27
213 -111
214 -107
215 -134
216 -120
217 -75
218 -112
219 -36
220 -122
221 -149
222 -121
223 -122
224 -60
225 -103
226 -39
227 -100
228 -45
229 -53
230 -51
231 -107
232 -136
233 -48
234 -39
235 -32
236 -100
237 -100
238 -48
239 -159
240 -119
241 -139
242 -103
243 -137
244 -100
245 -174
246 -100
247 -28
248 -107
249 -163
250 -41
251 -107
252 -57
253 -34
254 -125
255 -104
256 -100
257 -40
258 -136
259 -59
260 -41
261 -60
262 -63
263 -101
264 -31
265 -102
266 -42
267 -88
268 -47
269 -24
270 -102
271 -100
272 -100
273 -150
274 -136
275 -24
276 -53
277 -104
278 -81
279 -39
280 -101
281 -45
282 -31
283 -45
284 -101
285 -37
286 -84
287 -45
288 -101
289 -100
290 -44
291 -140
292 -117
293 -125
294 -46
295 -23
296 -50
297 -36
298 -35
299 -100
300 -114
301 -115
302 -47
303 -106
304 -55
305 -27
306 -55
307 -33
308 -26
309 -57
310 -164
311 -45
312 -134
313 -100
314 -43
315 -42
316 -105
317 -104
318 -116
319 -35
320 -44
321 -131
322 -34
323 -122
324 -100
325 -30
326 -48
327 -100
328 -113
329 -37
330 -129
331 -33
332 -22
333 -99
334 -114
335 -39
336 -19
337 -43
338 -45
339 -100
340 -105
341 -34
342 -102
343 -100
344 -26
345 -21
346 -109
347 -105
348 -140
349 -44
350 -32
351 -25
352 -31
353 -32
354 -104
355 -53
356 -100
357 -27
358 -37
359 -42
360 -29
361 -26
362 -43
363 -24
364 -17
365 -28
366 -100
367 -33
368 -100
369 -39
370 -37
371 -19
372 -34
373 -21
374 -21
375 -39
376 -104
377 -112
378 -30
379 -29
380 -40
381 -100
382 -29
383 -100
384 -21
385 -33
386 -35
387 -21
388 -44
389 -25
390 -26
391 -27
392 -40
393 -36
394 -100
395 -109
396 -29
397 -61
398 -102
399 -31
400 -30
401 -26
402 -101
403 -102
404 -21
405 -47
406 -32
407 -26
408 -118
409 -102
410 -38
411 -113
412 -20
413 -100
414 -19
415 -42
416 -41
417 -100
418 -37
419 -25
420 -34
421 -22
422 -102
423 -25
424 -21
425 -118
426 -124
427 -38
428 -26
429 -109
430 -128
431 -37
432 -21
433 -24
434 -42
435 -22
436 -19
437 -15
438 -18
439 -127
440 -27
441 -100
442 -38
443 -49
444 -29
445 -111
446 -35
447 -24
448 -34
449 -21
450 -20
451 -38
452 -31
453 -31
454 -26
455 -104
456 -18
457 -100
458 -137
459 -32
460 -100
461 -23
462 -21
463 -17
464 -21
465 -34
466 -23
467 -27
468 -29
469 -125
470 -25
471 -16
472 -103
473 -17
474 -24
475 -19
476 -17
477 -18
478 -21
479 -100
480 -101
481 -19
482 -23
483 -100
484 -19
485 -20
486 -16
487 -33
488 -30
489 -22
490 -100
491 -100
492 -100
493 -113
494 -27
495 -30
496 -100
497 -21
498 -23
499 -17
500 -14
501 -101
502 -20
503 -21
504 -109
505 -24
506 -18
507 -20
508 -113
509 -21
510 -34
511 -25
512 -100
513 -24
514 -100
515 -114
516 -17
517 -29
518 -26
519 -100
520 -30
521 -17
522 -30
523 -27
524 -21
525 -20
526 -100
527 -18
528 -19
529 -19
530 -21
531 -22
532 -21
533 -26
534 -22
535 -25
536 -100
537 -23
538 -17
539 -24
540 -16
541 -100
542 -100
543 -20
544 -100
545 -16
546 -117
547 -22
548 -100
549 -17
550 -101
551 -106
552 -18
553 -25
554 -27
555 -17
556 -21
557 -100
558 -100
559 -23
560 -100
561 -23
562 -18
563 -16
564 -17
565 -30
566 -23
567 -21
568 -19
569 -19
570 -15
571 -100
572 -24
573 -15
574 -14
575 -119
576 -19
577 -20
578 -17
579 -21
580 -20
581 -100
582 -21
583 -20
584 -26
585 -24
586 -20
587 -17
588 -24
589 -17
590 -19
591 -24
592 -108
593 -100
594 -20
595 -17
596 -23
597 -100
598 -18
599 -19
600 -100
601 -20
602 -15
603 -14
604 -20
605 -16
606 -17
607 -101
608 -23
609 -18
610 -122
611 -112
612 -27
613 -13
614 -33
615 -24
616 -21
617 -27
618 -28
619 -18
620 -16
621 -26
622 -13
623 -21
624 -100
625 -19
626 -23
627 -21
628 -25
629 -19
630 -17
631 -20
632 -100
633 -17
634 -20
635 -15
636 -15
637 -25
638 -15
639 -17
640 -100
641 -30
642 -16
643 -19
644 -101
645 -25
646 -100
647 -21
648 -28
649 -13
650 -23
651 -23
652 -23
653 -20
654 -100
655 -24
656 -105
657 -100
658 -21
659 -22
660 -15
661 -100
662 -21
663 -16
664 -18
665 -18
666 -15
667 -22
668 -26
669 -18
670 -20
671 -23
672 -18
673 -24
674 -100
675 -18
676 -34
677 -22
678 -23
679 -17
680 -23
681 -117
682 -19
683 -21
684 -122
685 -39
686 -30
687 -15
688 -100
689 -19
690 -16
691 -21
692 -24
693 -23
694 -21
695 -100
696 -14
697 -16
698 -15
699 -17
700 -18
701 -18
702 -25
703 -20
704 -112
705 -19
706 -20
707 -19
708 -17
709 -20
710 -20
711 -21
712 -19
713 -23
714 -16
715 -18
716 -22
717 -111
718 -100
719 -20
720 -102
721 -100
722 -20
723 -103
724 -14
725 -26
726 -16
727 -18
728 -27
729 -23
730 -26
731 -30
732 -19
733 -24
734 -23
735 -29
736 -22
737 -21
738 -21
739 -18
740 -17
741 -27
742 -25
743 -17
744 -26
745 -100
746 -20
747 -15
748 -18
749 -17
750 -100
751 -19
752 -22
753 -25
754 -100
755 -26
756 -100
757 -18
758 -100
759 -17
760 -100
761 -17
762 -17
763 -23
764 -18
765 -23
766 -17
767 -13
768 -25
769 -19
770 -18
771 -16
772 -106
773 -102
774 -102
775 -22
776 -20
777 -19
778 -116
779 -18
780 -14
781 -103
782 -25
783 -20
784 -105
785 -101
786 -18
787 -22
788 -100
789 -100
790 -22
791 -15
792 -17
793 -24
794 -19
795 -100
796 -18
797 -17
798 -19
799 -32
800 -19
801 -23
802 -100
803 -17
804 -104
805 -19
806 -16
807 -19
808 -20
809 -22
810 -100
811 -102
812 -23
813 -16
814 -22
815 -28
816 -17
817 -26
818 -100
819 -105
820 -100
821 -17
822 -13
823 -21
824 -19
825 -15
826 -21
827 -22
828 -102
829 -21
830 -16
831 -123
832 -23
833 -100
834 -26
835 -20
836 -22
837 -19
838 -17
839 -22
840 -17
841 -13
842 -14
843 -16
844 -100
845 -104
846 -20
847 -22
848 -100
849 -105
850 -13
851 -19
852 -100
853 -19
854 -28
855 -20
856 -15
857 -100
858 -111
859 -100
860 -17
861 -102
862 -105
863 -100
864 -100
865 -100
866 -17
867 -23
868 -104
869 -102
870 -16
871 -101
872 -100
873 -103
874 -27
875 -113
876 -22
877 -100
878 -16
879 -18
880 -26
881 -23
882 -15
883 -100
884 -21
885 -100
886 -15
887 -100
888 -22
889 -22
890 -118
891 -17
892 -114
893 -102
894 -103
895 -119
896 -118
897 -15
898 -17
899 -17
900 -16
901 -19
902 -113
903 -20
904 -20
905 -30
906 -25
907 -20
908 -32
909 -18
910 -23
911 -13
912 -16
913 -16
914 -19
915 -120
916 -109
917 -100
918 -23
919 -18
920 -24
921 -15
922 -110
923 -18
924 -124
925 -19
926 -29
927 -13
928 -108
929 -19
930 -15
931 -100
932 -23
933 -22
934 -25
935 -21
936 -100
937 -18
938 -100
939 -22
940 -16
941 -15
942 -24
943 -26
944 -101
945 -102
946 -21
947 -20
948 -100
949 -21
950 -19
951 -23
952 -17
953 -108
954 -19
955 -22
956 -117
957 -18
958 -18
959 -15
960 -16
961 -15
962 -23
963 -17
964 -117
965 -15
966 -17
967 -24
968 -100
969 -20
970 -19
971 -16
972 -14
973 -19
974 -17
975 -18
976 -100
977 -100
978 -100
979 -15
980 -13
981 -25
982 -127
983 -22
984 -101
985 -18
986 -100
987 -16
988 -21
989 -100
990 -23
991 -21
992 -19
993 -17
994 -19
995 -17
996 -100
997 -17
998 -16
999 -25
1000 -110
1001 -15
1002 -100
1003 -21
1004 -19
1005 -25
1006 -17
1007 -117
1008 -14
1009 -16
1010 -21
1011 -13
1012 -101
1013 -21
1014 -19
1015 -16
1016 -15
1017 -20
1018 -13
1019 -26
1020 -106
1021 -19
1022 -22
1023 -103
1024 -16
1025 -18
1026 -100
1027 -15
1028 -24
1029 -17
1030 -16
1031 -15
1032 -22
1033 -17
1034 -116
1035 -16
1036 -14
1037 -21
1038 -17
1039 -19
1040 -21
1041 -100
1042 -115
1043 -100
1044 -16
1045 -18
1046 -18
1047 -103
1048 -16
1049 -26
1050 -13
1051 -19
1052 -21
1053 -103
1054 -18
1055 -18
1056 -22
1057 -17
1058 -21
1059 -18
1060 -13
1061 -100
1062 -106
1063 -118
1064 -17
1065 -100
1066 -102
1067 -135
1068 -100
1069 -23
1070 -14
1071 -14
1072 -100
1073 -122
1074 -18
1075 -18
1076 -22
1077 -17
1078 -15
1079 -22
1080 -24
1081 -19
1082 -19
1083 -27
1084 -17
1085 -21
1086 -14
1087 -17
1088 -15
1089 -16
1090 -28
1091 -21
1092 -16
1093 -20
1094 -17
1095 -17
1096 -24
1097 -100
1098 -24
1099 -26
1100 -20
1101 -17
1102 -15
1103 -32
1104 -19
1105 -17
1106 -100
1107 -16
1108 -21
1109 -31
1110 -17
1111 -101
1112 -20
1113 -18
1114 -13
1115 -13
1116 -22
1117 -17
1118 -18
1119 -100
1120 -23
1121 -18
1122 -17
1123 -15
1124 -100
1125 -20
1126 -29
1127 -18
1128 -19
1129 -22
1130 -19
1131 -16
1132 -22
1133 -19
1134 -110
1135 -26
1136 -22
1137 -22
1138 -22
1139 -31
1140 -16
1141 -20
1142 -21
1143 -21
1144 -16
1145 -17
1146 -20
1147 -17
1148 -21
1149 -14
1150 -22
1151 -21
1152 -115
1153 -22
1154 -16
1155 -23
1156 -25
1157 -27
1158 -100
1159 -18
1160 -107
1161 -19
1162 -26
1163 -18
1164 -26
1165 -17
1166 -100
1167 -100
1168 -15
1169 -18
1170 -13
1171 -19
1172 -15
1173 -17
1174 -17
1175 -20
1176 -15
1177 -22
1178 -16
1179 -19
1180 -17
1181 -110
1182 -27
1183 -101
1184 -17
1185 -22
1186 -13
1187 -100
1188 -16
1189 -17
1190 -15
1191 -16
1192 -113
1193 -15
1194 -16
1195 -100
1196 -15
1197 -14
1198 -21
1199 -23
1200 -15
1201 -27
1202 -20
1203 -15
1204 -15
1205 -19
1206 -20
1207 -20
1208 -19
1209 -17
1210 -17
1211 -19
1212 -24
1213 -21
1214 -18
1215 -20
1216 -100
1217 -20
1218 -19
1219 -21
1220 -20
1221 -24
1222 -100
1223 -17
1224 -23
1225 -19
1226 -20
1227 -23
1228 -21
1229 -16
1230 -16
1231 -102
1232 -18
1233 -25
1234 -21
1235 -21
1236 -25
1237 -20
1238 -21
1239 -24
1240 -15
1241 -18
1242 -24
1243 -20
1244 -17
1245 -20
1246 -15
1247 -15
1248 -17
1249 -23
1250 -16
1251 -18
1252 -16
1253 -117
1254 -18
1255 -107
1256 -17
1257 -14
1258 -19
1259 -21
1260 -21
1261 -100
1262 -100
1263 -20
1264 -15
1265 -22
1266 -13
1267 -22
1268 -14
1269 -18
1270 -24
1271 -18
1272 -15
1273 -17
1274 -21
1275 -100
1276 -20
1277 -14
1278 -25
1279 -28
1280 -19
1281 -20
1282 -15
1283 -21
1284 -19
1285 -18
1286 -110
1287 -100
1288 -19
1289 -18
1290 -16
1291 -19
1292 -22
1293 -100
1294 -20
1295 -26
1296 -119
1297 -21
1298 -16
1299 -100
1300 -27
1301 -20
1302 -34
1303 -17
1304 -33
1305 -105
1306 -29
1307 -100
1308 -17
1309 -17
1310 -100
1311 -13
1312 -15
1313 -22
1314 -16
1315 -19
1316 -13
1317 -20
1318 -26
1319 -100
1320 -17
1321 -18
1322 -100
1323 -124
1324 -24
1325 -100
1326 -19
1327 -16
1328 -28
1329 -108
1330 -17
1331 -100
1332 -20
1333 -13
1334 -16
1335 -18
1336 -21
1337 -115
1338 -111
1339 -13
1340 -19
1341 -117
1342 -21
1343 -17
1344 -100
1345 -100
1346 -19
1347 -17
1348 -20
1349 -100
1350 -33
1351 -21
1352 -22
1353 -25
1354 -18
1355 -17
1356 -22
1357 -110
1358 -23
1359 -19
1360 -17
1361 -25
1362 -100
1363 -21
1364 -23
1365 -24
1366 -21
1367 -17
1368 -19
1369 -21
1370 -114
1371 -20
1372 -23
1373 -131
1374 -17
1375 -17
1376 -22
1377 -23
1378 -15
1379 -16
1380 -17
1381 -20
1382 -20
1383 -15
1384 -15
1385 -19
1386 -20
1387 -17
1388 -14
1389 -100
1390 -16
1391 -100
1392 -17
1393 -19
1394 -18
1395 -19
1396 -20
1397 -19
1398 -26
1399 -32
1400 -101
1401 -100
1402 -28
1403 -15
1404 -21
1405 -22
1406 -20
1407 -101
1408 -100
1409 -22
1410 -15
1411 -100
1412 -20
1413 -15
1414 -34
1415 -18
1416 -18
1417 -110
1418 -25
1419 -110
1420 -18
1421 -21
1422 -17
1423 -20
1424 -100
1425 -13
1426 -123
1427 -20
1428 -100
1429 -107
1430 -18
1431 -21
1432 -100
1433 -101
1434 -20
1435 -21
1436 -18
1437 -100
1438 -23
1439 -19
1440 -19
1441 -18
1442 -103
1443 -100
1444 -22
1445 -105
1446 -21
1447 -17
1448 -124
1449 -24
1450 -15
1451 -100
1452 -20
1453 -17
1454 -22
1455 -14
1456 -100
1457 -20
1458 -110
1459 -20
1460 -119
1461 -15
1462 -32
1463 -15
1464 -17
1465 -15
1466 -23
1467 -19
1468 -14
1469 -19
1470 -20
1471 -17
1472 -15
1473 -25
1474 -19
1475 -15
1476 -15
1477 -20
1478 -17
1479 -100
1480 -100
1481 -20
1482 -26
1483 -27
1484 -15
1485 -17
1486 -20
1487 -25
1488 -26
1489 -13
1490 -13
1491 -21
1492 -15
1493 -100
1494 -100
1495 -19
1496 -18
1497 -24
1498 -101
1499 -21
1500 -17
1501 -19
1502 -100
1503 -17
1504 -23
1505 -100
1506 -15
1507 -20
1508 -17
1509 -18
1510 -23
1511 -19
1512 -100
1513 -19
1514 -100
1515 -114
1516 -19
1517 -110
1518 -15
1519 -20
1520 -20
1521 -17
1522 -16
1523 -19
1524 -21
1525 -25
1526 -17
1527 -19
1528 -17
1529 -100
1530 -14
1531 -18
1532 -17
1533 -100
1534 -19
1535 -19
1536 -22
1537 -16
1538 -23
1539 -16
1540 -17
1541 -27
1542 -20
1543 -16
1544 -21
1545 -19
1546 -103
1547 -19
1548 -15
1549 -18
1550 -16
1551 -20
1552 -17
1553 -20
1554 -21
1555 -100
1556 -20
1557 -16
1558 -13
1559 -18
1560 -100
1561 -21
1562 -15
1563 -100
1564 -24
1565 -18
1566 -100
1567 -13
1568 -100
1569 -16
1570 -25
1571 -15
1572 -22
1573 -16
1574 -17
1575 -19
1576 -100
1577 -21
1578 -20
1579 -16
1580 -19
1581 -15
1582 -17
1583 -20
1584 -15
1585 -21
1586 -21
1587 -23
1588 -20
1589 -23
1590 -20
1591 -16
1592 -19
1593 -26
1594 -15
1595 -18
1596 -26
1597 -100
1598 -21
1599 -19
1600 -20
1601 -19
1602 -19
1603 -15
1604 -15
1605 -14
1606 -17
1607 -25
1608 -15
1609 -100
1610 -17
1611 -13
1612 -16
1613 -22
1614 -17
1615 -22
1616 -22
1617 -18
1618 -20
1619 -17
1620 -18
1621 -19
1622 -23
1623 -15
1624 -15
1625 -15
1626 -18
1627 -13
1628 -118
1629 -18
1630 -17
1631 -100
1632 -23
1633 -17
1634 -21
1635 -22
1636 -19
1637 -15
1638 -100
1639 -18
1640 -18
1641 -32
1642 -21
1643 -15
1644 -20
1645 -18
1646 -21
1647 -19
1648 -20
1649 -17
1650 -17
1651 -21
1652 -17
1653 -17
1654 -100
1655 -24
1656 -23
1657 -16
1658 -100
1659 -24
1660 -15
1661 -22
1662 -16
1663 -29
1664 -101
1665 -101
1666 -100
1667 -21
1668 -17
1669 -23
1670 -19
1671 -19
1672 -16
1673 -17
1674 -21
1675 -19
1676 -22
1677 -17
1678 -18
1679 -103
1680 -21
1681 -17
1682 -24
1683 -113
1684 -15
1685 -27
1686 -17
1687 -19
1688 -20
1689 -119
1690 -19
1691 -17
1692 -22
1693 -14
1694 -19
1695 -17
1696 -100
1697 -20
1698 -24
1699 -119
1700 -23
1701 -17
1702 -19
1703 -25
1704 -17
1705 -19
1706 -16
1707 -15
1708 -16
1709 -15
1710 -18
1711 -110
1712 -20
1713 -110
1714 -27
1715 -32
1716 -15
1717 -13
1718 -23
1719 -19
1720 -20
1721 -17
1722 -23
1723 -19
1724 -29
1725 -19
1726 -17
1727 -17
1728 -100
1729 -21
1730 -16
1731 -18
1732 -24
1733 -100
1734 -108
1735 -18
1736 -18
1737 -25
1738 -15
1739 -22
1740 -16
1741 -23
1742 -121
1743 -18
1744 -15
1745 -15
1746 -16
1747 -24
1748 -18
1749 -18
1750 -17
1751 -21
1752 -16
1753 -104
1754 -17
1755 -21
1756 -22
1757 -19
1758 -18
1759 -100
1760 -22
1761 -20
1762 -100
1763 -20
1764 -100
1765 -111
1766 -16
1767 -17
1768 -19
1769 -15
1770 -23
1771 -18
1772 -19
1773 -24
1774 -21
1775 -17
1776 -33
1777 -22
1778 -100
1779 -23
1780 -17
1781 -20
1782 -15
1783 -15
1784 -19
1785 -24
1786 -23
1787 -16
1788 -20
1789 -21
1790 -18
1791 -27
1792 -100
1793 -100
1794 -19
1795 -123
1796 -19
1797 -108
1798 -24
1799 -20
1800 -17
1801 -100
1802 -21
1803 -29
1804 -17
1805 -17
1806 -15
1807 -112
1808 -18
1809 -15
1810 -21
1811 -101
1812 -23
1813 -20
1814 -102
1815 -24
1816 -100
1817 -105
1818 -23
1819 -18
1820 -25
1821 -22
1822 -21
1823 -100
1824 -19
1825 -18
1826 -18
1827 -16
1828 -126
1829 -19
1830 -17
1831 -120
1832 -33
1833 -22
1834 -17
1835 -24
1836 -20
1837 -20
1838 -17
1839 -22
1840 -20
1841 -18
1842 -25
1843 -20
1844 -25
1845 -100
1846 -100
1847 -16
1848 -19
1849 -101
1850 -22
1851 -100
1852 -25
1853 -27
1854 -17
1855 -16
1856 -16
1857 -19
1858 -100
1859 -22
1860 -32
1861 -18
1862 -119
1863 -15
1864 -17
1865 -22
1866 -18
1867 -20
1868 -108
1869 -18
1870 -19
1871 -26
1872 -118
1873 -112
1874 -100
1875 -19
1876 -15
1877 -15
1878 -16
1879 -21
1880 -19
1881 -19
1882 -19
1883 -23
1884 -23
1885 -17
1886 -100
1887 -20
1888 -27
1889 -22
1890 -26
1891 -17
1892 -21
1893 -23
1894 -20
1895 -16
1896 -17
1897 -21
1898 -100
1899 -111
1900 -21
1901 -17
1902 -30
1903 -17
1904 -15
1905 -21
1906 -19
1907 -19
1908 -100
1909 -19
1910 -28
1911 -16
1912 -15
1913 -37
1914 -18
1915 -24
1916 -101
1917 -100
1918 -21
1919 -19
1920 -15
1921 -19
1922 -22
1923 -13
1924 -16
1925 -21
1926 -22
1927 -25
1928 -15
1929 -19
1930 -100
1931 -19
1932 -20
1933 -18
1934 -100
1935 -20
1936 -20
1937 -15
1938 -19
1939 -100
1940 -16
1941 -30
1942 -100
1943 -117
1944 -115
1945 -25
1946 -23
1947 -17
1948 -13
1949 -15
1950 -22
1951 -25
1952 -118
1953 -17
1954 -100
1955 -23
1956 -100
1957 -22
1958 -30
1959 -119
1960 -17
1961 -100
1962 -13
1963 -20
1964 -21
1965 -24
1966 -100
1967 -17
1968 -23
1969 -113
1970 -25
1971 -13
1972 -121
1973 -23
1974 -17
1975 -15
1976 -24
1977 -117
1978 -124
1979 -23
1980 -17
1981 -36
1982 -21
1983 -100
1984 -19
1985 -15
1986 -15
1987 -13
1988 -29
1989 -22
1990 -14
1991 -18
1992 -100
1993 -108
1994 -16
1995 -20
1996 -17
1997 -23
1998 -24
1999 -100
2000 -125
2001 -100
2002 -100
2003 -18
2004 -19
2005 -15
2006 -115
2007 -16
2008 -17
2009 -21
2010 -21
2011 -20
2012 -13
2013 -26
2014 -100
2015 -110
2016 -17
2017 -100
2018 -19
2019 -21
2020 -15
2021 -121
2022 -123
2023 -20
2024 -100
2025 -21
2026 -30
2027 -19
2028 -101
2029 -17
2030 -25
2031 -19
2032 -15
2033 -21
2034 -24
2035 -26
2036 -22
2037 -16
2038 -17
2039 -17
2040 -18
2041 -23
2042 -16
2043 -22
2044 -27
2045 -21
2046 -18
2047 -18
2048 -21
2049 -22
2050 -23
2051 -20
2052 -16
2053 -100
2054 -15
2055 -20
2056 -19
2057 -16
2058 -19
2059 -15
2060 -20
2061 -100
2062 -15
2063 -18
2064 -17
2065 -135
2066 -20
2067 -17
2068 -109
2069 -13
2070 -23
2071 -19
2072 -32
2073 -100
2074 -20
2075 -21
2076 -17
2077 -19
2078 -22
2079 -21
2080 -20
2081 -29
2082 -15
2083 -19
2084 -19
2085 -24
2086 -30
2087 -18
2088 -19
2089 -17
2090 -19
2091 -23
2092 -20
2093 -14
2094 -114
2095 -17
2096 -13
2097 -20
2098 -18
2099 -18
2100 -100
2101 -19
2102 -13
2103 -23
2104 -13
2105 -19
2106 -19
2107 -24
2108 -19
2109 -21
2110 -19
2111 -24
2112 -20
2113 -26
2114 -19
2115 -26
2116 -25
2117 -100
2118 -18
2119 -13
2120 -17
2121 -100
2122 -24
2123 -19
2124 -28
2125 -26
2126 -100
2127 -25
2128 -100
2129 -22
2130 -15
2131 -20
2132 -15
2133 -37
2134 -14
2135 -20
2136 -27
2137 -15
2138 -100
2139 -17
2140 -19
2141 -100
2142 -15
2143 -18
2144 -17
2145 -26
2146 -17
2147 -17
2148 -19
2149 -121
2150 -21
2151 -100
2152 -13
2153 -17
2154 -15
2155 -17
2156 -24
2157 -20
2158 -21
2159 -100
2160 -19
2161 -27
2162 -15
2163 -17
2164 -21
2165 -17
2166 -21
2167 -100
2168 -17
2169 -100
2170 -16
2171 -112
2172 -24
2173 -18
2174 -22
2175 -23
2176 -16
2177 -101
2178 -17
2179 -20
2180 -21
2181 -20
2182 -21
2183 -100
2184 -101
2185 -15
2186 -21
2187 -19
2188 -17
2189 -13
2190 -17
2191 -23
2192 -31
2193 -17
2194 -13
2195 -21
2196 -17
2197 -24
2198 -100
2199 -18
2200 -17
2201 -26
2202 -17
2203 -18
2204 -21
2205 -24
2206 -23
2207 -20
2208 -21
2209 -16
2210 -18
2211 -17
2212 -19
2213 -23
2214 -17
2215 -15
2216 -21
2217 -17
2218 -20
2219 -24
2220 -100
2221 -18
2222 -39
2223 -17
2224 -27
2225 -16
2226 -26
2227 -22
2228 -27
2229 -19
2230 -100
2231 -104
2232 -18
2233 -15
2234 -15
2235 -100
2236 -17
2237 -102
2238 -103
2239 -24
2240 -22
2241 -22
2242 -23
2243 -18
2244 -100
2245 -16
2246 -18
2247 -100
2248 -19
2249 -25
2250 -15
2251 -18
2252 -21
2253 -15
2254 -15
2255 -23
2256 -19
2257 -19
2258 -20
2259 -102
2260 -13
2261 -100
2262 -101
2263 -17
2264 -17
2265 -22
2266 -34
2267 -21
2268 -19
2269 -20
2270 -16
2271 -20
2272 -17
2273 -18
2274 -19
2275 -35
2276 -30
2277 -23
2278 -23
2279 -100
2280 -18
2281 -26
2282 -17
2283 -25
2284 -20
2285 -19
2286 -18
2287 -24
2288 -23
2289 -19
2290 -21
2291 -100
2292 -17
2293 -17
2294 -27
2295 -31
2296 -20
2297 -21
2298 -24
2299 -16
2300 -19
2301 -100
2302 -20
2303 -100
2304 -16
2305 -101
2306 -16
2307 -100
2308 -15
2309 -100
2310 -14
2311 -14
2312 -22
2313 -100
2314 -13
2315 -20
2316 -15
2317 -15
2318 -17
2319 -27
2320 -17
2321 -20
2322 -23
2323 -16
2324 -113
2325 -15
2326 -16
2327 -24
2328 -15
2329 -17
2330 -24
2331 -17
2332 -19
2333 -15
2334 -20
2335 -25
2336 -22
2337 -17
2338 -100
2339 -19
2340 -27
2341 -22
2342 -28
2343 -21
2344 -19
2345 -16
2346 -22
2347 -19
2348 -25
2349 -19
2350 -17
2351 -100
2352 -100
2353 -18
2354 -21
2355 -17
2356 -107
2357 -27
2358 -20
2359 -18
2360 -24
2361 -17
2362 -26
2363 -21
2364 -17
2365 -20
2366 -17
2367 -18
2368 -17
2369 -128
2370 -18
2371 -115
2372 -21
2373 -19
2374 -17
2375 -17
2376 -20
2377 -100
2378 -21
2379 -35
2380 -19
2381 -18
2382 -22
2383 -15
2384 -16
2385 -19
2386 -19
2387 -19
2388 -100
2389 -20
2390 -13
2391 -25
2392 -100
2393 -15
2394 -17
2395 -21
2396 -19
2397 -15
2398 -20
2399 -15
2400 -16
2401 -19
2402 -20
2403 -100
2404 -18
2405 -20
2406 -17
2407 -15
2408 -15
2409 -17
2410 -24
2411 -17
2412 -119
2413 -19
2414 -21
2415 -23
2416 -100
2417 -13
2418 -15
2419 -18
2420 -17
2421 -17
2422 -18
2423 -15
2424 -23
2425 -19
2426 -107
2427 -101
2428 -25
2429 -15
2430 -20
2431 -19
2432 -109
2433 -26
2434 -16
2435 -18
2436 -100
2437 -18
2438 -15
2439 -100
2440 -20
2441 -20
2442 -19
2443 -100
2444 -33
2445 -20
2446 -100
2447 -19
2448 -17
2449 -100
2450 -13
2451 -17
2452 -18
2453 -17
2454 -122
2455 -100
2456 -15
2457 -20
2458 -28
2459 -100
2460 -17
2461 -17
2462 -21
2463 -21
2464 -100
2465 -19
2466 -26
2467 -17
2468 -24
2469 -23
2470 -114
2471 -21
2472 -22
2473 -20
2474 -23
2475 -29
2476 -19
2477 -21
2478 -17
2479 -27
2480 -19
2481 -122
2482 -18
2483 -17
2484 -19
2485 -109
2486 -16
2487 -15
2488 -20
2489 -18
2490 -14
2491 -19
2492 -13
2493 -20
2494 -19
2495 -18
2496 -19
2497 -16
2498 -19
2499 -100
2500 -21
2501 -17
2502 -101
2503 -22
2504 -15
2505 -15
2506 -100
2507 -15
2508 -19
2509 -17
2510 -19
2511 -21
2512 -16
2513 -19
2514 -21
2515 -17
2516 -20
2517 -20
2518 -17
2519 -21
2520 -13
2521 -21
2522 -17
2523 -100
2524 -14
2525 -13
2526 -28
2527 -15
2528 -17
2529 -22
2530 -121
2531 -22
2532 -17
2533 -18
2534 -20
2535 -22
2536 -17
2537 -17
2538 -21
2539 -18
2540 -100
2541 -20
2542 -26
2543 -23
2544 -19
2545 -18
2546 -18
2547 -23
2548 -18
2549 -17
2550 -19
2551 -17
2552 -19
2553 -20
2554 -115
2555 -23
2556 -24
2557 -21
2558 -23
2559 -17
2560 -19
2561 -17
2562 -30
2563 -19
2564 -27
2565 -23
2566 -23
2567 -115
2568 -13
2569 -25
2570 -115
2571 -107
2572 -19
2573 -120
2574 -20
2575 -21
2576 -15
2577 -21
2578 -21
2579 -18
2580 -19
2581 -27
2582 -21
2583 -24
2584 -127
2585 -100
2586 -100
2587 -24
2588 -15
2589 -100
2590 -21
2591 -118
2592 -102
2593 -15
2594 -13
2595 -16
2596 -18
2597 -20
2598 -23
2599 -19
2600 -16
2601 -16
2602 -13
2603 -22
2604 -21
2605 -19
2606 -17
2607 -16
2608 -133
2609 -15
2610 -120
2611 -21
2612 -26
2613 -17
2614 -21
2615 -16
2616 -20
2617 -27
2618 -17
2619 -15
2620 -19
2621 -16
2622 -19
2623 -23
2624 -20
2625 -22
2626 -17
2627 -107
2628 -101
2629 -19
2630 -16
2631 -15
2632 -19
2633 -113
2634 -20
2635 -16
2636 -18
2637 -120
2638 -21
2639 -23
2640 -100
2641 -20
2642 -19
2643 -23
2644 -15
2645 -18
2646 -23
2647 -22
2648 -19
2649 -16
2650 -18
2651 -19
2652 -100
2653 -17
2654 -102
2655 -13
2656 -15
2657 -13
2658 -22
2659 -22
2660 -18
2661 -19
2662 -13
2663 -100
2664 -17
2665 -22
2666 -15
2667 -19
2668 -22
2669 -22
2670 -23
2671 -17
2672 -116
2673 -19
2674 -17
2675 -17
2676 -100
2677 -19
2678 -22
2679 -17
2680 -21
2681 -20
2682 -18
2683 -21
2684 -23
2685 -22
2686 -121
2687 -21
2688 -17
2689 -20
2690 -19
2691 -15
2692 -22
2693 -18
2694 -17
2695 -19
2696 -25
2697 -22
2698 -22
2699 -18
2700 -17
2701 -21
2702 -18
2703 -21
2704 -107
2705 -19
2706 -15
2707 -17
2708 -100
2709 -100
2710 -17
2711 -20
2712 -26
2713 -15
2714 -15
2715 -17
2716 -19
2717 -18
2718 -101
2719 -15
2720 -14
2721 -17
2722 -19
2723 -100
2724 -17
2725 -19
2726 -122
2727 -13
2728 -19
2729 -17
2730 -19
2731 -100
2732 -23
2733 -17
2734 -15
2735 -19
2736 -15
2737 -21
2738 -17
2739 -26
2740 -15
2741 -100
2742 -23
2743 -121
2744 -20
2745 -23
2746 -21
2747 -17
2748 -21
2749 -100
2750 -22
2751 -22
2752 -115
2753 -19
2754 -16
2755 -18
2756 -19
2757 -19
2758 -17
2759 -20
2760 -25
2761 -21
2762 -18
2763 -17
2764 -117
2765 -23
2766 -17
2767 -32
2768 -120
2769 -13
2770 -24
2771 -20
2772 -21
2773 -20
2774 -100
2775 -24
2776 -22
2777 -100
2778 -24
2779 -20
2780 -27
2781 -20
2782 -14
2783 -25
2784 -19
2785 -19
2786 -100
2787 -17
2788 -25
2789 -17
2790 -19
2791 -114
2792 -100
2793 -19
2794 -17
2795 -24
2796 -16
2797 -21
2798 -113
2799 -116
2800 -15
2801 -13
2802 -20
2803 -100
2804 -17
2805 -16
2806 -20
2807 -19
2808 -19
2809 -21
2810 -15
2811 -22
2812 -27
2813 -18
2814 -20
2815 -17
2816 -22
2817 -27
2818 -15
2819 -17
2820 -20
2821 -23
2822 -119
2823 -20
2824 -20
2825 -100
2826 -100
2827 -22
2828 -18
2829 -22
2830 -100
2831 -17
2832 -25
2833 -19
2834 -18
2835 -15
2836 -18
2837 -122
2838 -19
2839 -119
2840 -21
2841 -22
2842 -20
2843 -25
2844 -23
2845 -100
2846 -16
2847 -100
2848 -100
2849 -15
2850 -20
2851 -24
2852 -16
2853 -16
2854 -26
2855 -18
2856 -21
2857 -14
2858 -25
2859 -15
2860 -20
2861 -16
2862 -15
2863 -21
2864 -15
2865 -17
2866 -18
2867 -17
2868 -24
2869 -100
2870 -19
2871 -17
2872 -20
2873 -19
2874 -21
2875 -100
2876 -118
2877 -25
2878 -17
2879 -24
2880 -100
2881 -19
2882 -21
2883 -24
2884 -23
2885 -25
2886 -19
2887 -100
2888 -24
2889 -18
2890 -20
2891 -25
2892 -19
2893 -100
2894 -23
2895 -15
2896 -19
2897 -18
2898 -116
2899 -100
2900 -27
2901 -19
2902 -100
2903 -26
2904 -22
2905 -16
2906 -22
2907 -19
2908 -17
2909 -19
2910 -17
2911 -15
2912 -18
2913 -27
2914 -24
2915 -19
2916 -19
2917 -27
2918 -15
2919 -16
2920 -16
2921 -21
2922 -23
2923 -100
2924 -17
2925 -21
2926 -18
2927 -26
2928 -25
2929 -17
2930 -21
2931 -100
2932 -22
2933 -100
2934 -17
2935 -101
2936 -100
2937 -100
2938 -20
2939 -17
2940 -20
2941 -20
2942 -13
2943 -17
2944 -24
2945 -21
2946 -100
2947 -16
2948 -21
2949 -102
2950 -14
2951 -100
2952 -18
2953 -100
2954 -23
2955 -102
2956 -15
2957 -21
2958 -21
2959 -23
2960 -15
2961 -19
2962 -16
2963 -119
2964 -22
2965 -17
2966 -23
2967 -22
2968 -21
2969 -19
2970 -22
2971 -15
2972 -100
2973 -15
2974 -100
2975 -18
2976 -20
2977 -116
2978 -15
2979 -16
2980 -25
2981 -19
2982 -19
2983 -21
2984 -18
2985 -17
2986 -124
2987 -101
2988 -100
2989 -17
2990 -21
2991 -102
2992 -16
2993 -21
2994 -102
2995 -102
2996 -22
2997 -23
2998 -116
2999 -102
